 6.5942071, -10.0059129, 7.0000000
 6.6084850, -10.2003124, 7.0000000
 6.6233163, -10.3958245, 7.0000000
 6.6384958, -10.5923605, 7.0000000
 6.6538184, -10.7898317, 7.0000000
 6.6690788, -10.9881494, 7.0000000
 6.6840719, -11.1872248, 7.0000000
 6.6985924, -11.3869693, 7.0000000
 6.7124352, -11.5872942, 7.0000000
 6.7253952, -11.7881107, 7.0000000
 6.7372670, -11.9893302, 7.0000000
 6.7478456, -12.1908639, 7.0000000
 6.7569257, -12.3926231, 7.0000000
 6.7643021, -12.5945190, 7.0000000
 6.7697697, -12.7964631, 7.0000000
 6.7731233, -12.9983666, 7.0000000
 6.7741578, -13.2001407, 7.0000000
 6.7726678, -13.4016968, 7.0000000
 6.7684119, -13.6048877, 7.0000000
 6.7613850, -13.8087840, 7.0000000
 6.7517997, -14.0122591, 7.0000000
 6.7398563, -14.2152686, 7.0000000
 6.7257555, -14.4177684, 7.0000000
 6.7096978, -14.6197143, 7.0000000
 6.6918837, -14.8210620, 7.0000000
 6.6725137, -15.0217674, 7.0000000
 6.6517884, -15.2217864, 7.0000000
 6.6299082, -15.4210745, 7.0000000
 6.6070737, -15.6195878, 7.0000000
 6.5834854, -15.8172820, 7.0000000
 6.5593439, -16.0141128, 7.0000000
 6.5348496, -16.2100361, 7.0000000
 6.5102031, -16.4050077, 7.0000000
 6.4856049, -16.5989833, 7.0000000
 6.4612555, -16.7919188, 7.0000000
 6.4373555, -16.9837700, 7.0000000
 6.4127611, -17.1856833, 7.0000000
 6.3881045, -17.3951763, 7.0000000
 6.3647545, -17.6032529, 7.0000000
 6.3429703, -17.8099050, 7.0000000
 6.3230108, -18.0151249, 7.0000000
 6.3051353, -18.2189045, 7.0000000
 6.2896026, -18.4212358, 7.0000000
 6.2766719, -18.6221108, 7.0000000
 6.2666023, -18.8215217, 7.0000000
 6.2596527, -19.0194605, 7.0000000
 6.2560823, -19.2159192, 7.0000000
 6.2561501, -19.4108898, 7.0000000
 6.2601152, -19.6043644, 7.0000000
 6.2682366, -19.7963350, 7.0000000
 6.2807735, -19.9867937, 7.0000000
 6.2979847, -20.1757325, 7.0000000
 6.3205867, -20.3665945, 7.0000000
 6.3507453, -20.5694096, 7.0000000
 6.3871353, -20.7701328, 7.0000000
 6.4298409, -20.9685457, 7.0000000
 6.4789462, -21.1644300, 6.9720748
 6.5345354, -21.3575671, 6.9179261
 6.5966927, -21.5477389, 6.8681252
 6.6655022, -21.7347268, 6.8230305
 6.7410482, -21.9183124, 6.7829557
 6.8234146, -22.0982775, 6.7481533
 6.9126858, -22.2744035, 6.7187936
 7.0089458, -22.4464722, 6.6949429
 7.1122789, -22.6142651, 6.6765386
 7.2227692, -22.7775639, 6.6633645
 7.3405008, -22.9361501, 6.6550260
 7.4649301, -23.0890690, 6.6509282
 7.5942931, -23.2344237, 6.6479661
 7.7303809, -23.3746255, 6.6450027
 7.8729094, -23.5094524, 6.6482422
 8.0215942, -23.6386824, 6.6565230
 8.1761509, -23.7620935, 6.6687755
 8.3362952, -23.8794637, 6.6840203
 8.5017426, -23.9905710, 6.7013649
 8.6722090, -24.0951934, 6.7200003
 8.8474098, -24.1931088, 6.7391976
 9.0270608, -24.2840952, 6.7583052
 9.2108776, -24.3679307, 6.7767465
 9.3985759, -24.4443932, 6.7940185
 9.5898712, -24.5132607, 6.8096917
 9.7844793, -24.5743112, 6.8234105
 9.9821158, -24.6273228, 6.8348942
 10.1694882, -24.6695171, 6.8439395
 10.3578977, -24.7046810, 6.8504231
 10.5484179, -24.7335628, 6.8751518
 10.7409245, -24.7566170, 6.9190560
 10.9352928, -24.7742977, 6.9808860
 11.1313983, -24.7870593, 7.0000000
 11.3291164, -24.7953560, 7.0000000
 11.5283227, -24.7996422, 7.0000000
 11.7288926, -24.8003720, 7.0000000
 11.9307016, -24.7979999, 7.0000000
 12.1336252, -24.7929800, 7.0000000
 12.3375387, -24.7857667, 7.0000000
 12.5423178, -24.7768141, 7.0000000
 12.7478378, -24.7665767, 7.0000000
 12.9539742, -24.7555087, 7.0000000
 13.1606026, -24.7440644, 7.0000000
 13.3623916, -24.7329767, 7.0000000
 13.5579028, -24.7226326, 7.0000000
 13.7537335, -24.7128763, 7.0000000
 13.9499217, -24.7039107, 7.0000000
 14.1465052, -24.6959390, 7.0000000
 14.3435219, -24.6891644, 7.0000000
 14.5410096, -24.6837898, 7.0000000
 14.7390062, -24.6800185, 7.0000000
 14.9375496, -24.6780535, 7.0000000
 15.1366776, -24.6780980, 7.0000000
 15.3364281, -24.6803550, 7.0000000
 15.5368390, -24.6850277, 7.0000000
 15.7379482, -24.6923192, 7.0000000
 15.9397934, -24.7024326, 7.0000000
 16.1424126, -24.7155709, 7.0000000
 16.3458437, -24.7319374, 7.0000000
 16.5501244, -24.7517351, 7.0000000
 16.7552928, -24.7751671, 7.0000000
 16.9548209, -24.8013772, 7.0000000
 17.1549011, -24.8304903, 7.0000000
 17.3555350, -24.8618347, 7.0000000
 17.5565639, -24.8947194, 7.0000000
 17.7578290, -24.9284530, 7.0000000
 17.9591718, -24.9623443, 7.0000000
 18.1604334, -24.9957023, 7.0000000
 18.3614553, -25.0278355, 7.0000000
 18.5620786, -25.0580528, 7.0000000
 18.7621447, -25.0856631, 7.0000000
 18.9614950, -25.1099750, 7.0000000
 19.1599706, -25.1302974, 6.8882471
 19.3574130, -25.1459390, 6.7463446
 19.5536634, -25.1562087, 6.6223623
 19.7485631, -25.1604152, 6.5179873
 19.9419534, -25.1578673, 6.4352708
 20.1336757, -25.1478738, 6.3765789
 20.3235712, -25.1297435, 6.3444977
 20.5310394, -25.0996194, 6.3416721
 20.7373053, -25.0588160, 6.3388453
 20.9403829, -25.0080873, 6.3429424
 21.1399021, -24.9479960, 6.3561889
 21.3354928, -24.8791047, 6.3773848
 21.5267850, -24.8019761, 6.4052147
 21.7134086, -24.7171729, 6.4382907
 21.8949935, -24.6252577, 6.4751798
 22.0711696, -24.5267932, 6.5144171
 22.2415669, -24.4223420, 6.5545071
 22.4058153, -24.3124668, 6.5939145
 22.5635447, -24.1977303, 6.5574055
 22.7143851, -24.0786951, 6.5118427
 22.8579663, -23.9559239, 6.4667105
 22.9939183, -23.8299793, 6.4257428
 23.1218710, -23.7014240, 6.3925996
 23.2587745, -23.5509782, 6.3719409
 23.3913600, -23.3898356, 6.3628140
 23.5128297, -23.2258661, 6.3595872
 23.6239555, -23.0590347, 6.3567549
 23.7255095, -22.8893064, 6.3539213
 23.8182636, -22.7166462, 6.3564537
 23.9029896, -22.5410190, 6.3693985
 23.9804597, -22.3623899, 6.3968190
 24.0514456, -22.1807238, 6.4417154
 24.1167195, -21.9959858, 6.5060752
 24.1770531, -21.8081407, 6.5910141
 24.2332186, -21.6171537, 6.6969619
 24.2859878, -21.4229896, 6.8238539
 24.3345116, -21.2321639, 6.9713024
 24.3778058, -21.0520000, 7.0000000
 24.4193058, -20.8692266, 7.0000000
 24.4589425, -20.6838489, 7.0000000
 24.4966465, -20.4958726, 7.0000000
 24.5323486, -20.3053030, 7.0000000
 24.5659794, -20.1121455, 7.0000000
 24.5974699, -19.9164056, 7.0000000
 24.6267506, -19.7180887, 7.0000000
 24.6537523, -19.5172002, 7.0000000
 24.6784058, -19.3137455, 7.0000000
 24.7006417, -19.1077301, 7.0000000
 24.7203909, -18.8991594, 7.0000000
 24.7375840, -18.6880388, 7.0000000
 24.7521518, -18.4743737, 7.0000000
 24.7633834, -18.2714001, 7.0000000
 24.7716451, -18.0829790, 7.0000000
 24.7780721, -17.8927640, 7.0000000
 24.7828031, -17.7008202, 7.0000000
 24.7859765, -17.5072127, 7.0000000
 24.7877311, -17.3120068, 7.0000000
 24.7882054, -17.1152676, 7.0000000
 24.7875380, -16.9170602, 7.0000000
 24.7858674, -16.7174498, 7.0000000
 24.7833324, -16.5165016, 7.0000000
 24.7800714, -16.3142806, 7.0000000
 24.7762231, -16.1108521, 7.0000000
 24.7719261, -15.9062813, 7.0000000
 24.7673189, -15.7006332, 7.0000000
 24.7625402, -15.4939730, 7.0000000
 24.7577285, -15.2863659, 7.0000000
 24.7530224, -15.0778771, 7.0000000
 24.7486091, -14.8709434, 7.0000000
 24.7447203, -14.6731485, 7.0000000
 24.7411605, -14.4747568, 7.0000000
 24.7379411, -14.2758361, 7.0000000
 24.7350730, -14.0764541, 7.0000000
 24.7325676, -13.8766786, 7.0000000
 24.7304361, -13.6765774, 7.0000000
 24.7286896, -13.4762183, 7.0000000
 24.7273394, -13.2756689, 7.0000000
 24.7263967, -13.0749971, 7.0000000
 24.7258727, -12.8742706, 7.0000000
 24.7257785, -12.6735572, 7.0000000
 24.7261254, -12.4729246, 7.0000000
 24.7269247, -12.2724406, 7.0000000
 24.7281874, -12.0721731, 7.0000000
 24.7299248, -11.8721896, 7.0000000
 24.7321482, -11.6725581, 7.0000000
 24.7348686, -11.4733462, 7.0000000
 24.7380974, -11.2746218, 7.0000000
 24.7419768, -11.0693040, 7.0000000
 24.7463394, -10.8636293, 7.0000000
 24.7510557, -10.6586175, 7.0000000
 24.7560131, -10.4542963, 7.0000000
 24.7610995, -10.2506937, 7.0000000
 24.7662023, -10.0478372, 7.0000000
 24.7712094, -9.8457549, 7.0000000
 24.7760084, -9.6444744, 7.0000000
 24.7804869, -9.4440235, 7.0000000
 24.7845325, -9.2444301, 7.0000000
 24.7880331, -9.0457219, 7.0000000
 24.7908761, -8.8479267, 7.0000000
 24.7929492, -8.6510722, 7.0000000
 24.7941402, -8.4551864, 7.0000000
 24.7943367, -8.2602969, 7.0000000
 24.7934263, -8.0664316, 7.0000000
 24.7912967, -7.8736183, 7.0000000
 24.7877237, -7.6767780, 7.0000000
 24.7822233, -7.4684086, 7.0000000
 24.7747916, -7.2613950, 7.0000000
 24.7652399, -7.0557692, 7.0000000
 24.7533791, -6.8515629, 7.0000000
 24.7390204, -6.6488079, 7.0000000
 24.7219748, -6.4475362, 7.0000000
 24.7020533, -6.2477794, 7.0000000
 24.6790671, -6.0495696, 7.0000000
 24.6528272, -5.8529384, 7.0000000
 24.6231447, -5.6579178, 7.0000000
 24.5898306, -5.4645396, 7.0000000
 24.5526960, -5.2728355, 7.0000000
 24.5115520, -5.0828375, 7.0000000
 24.4662097, -4.8945774, 7.0000000
 24.4164801, -4.7080869, 7.0000000
 24.3614832, -4.5211570, 7.0000000
 24.2986002, -4.3271694, 7.0000000
 24.2303505, -4.1355544, 7.0000000
 24.1567024, -3.9465734, 7.0000000
 24.0776245, -3.7604880, 7.0000000
 23.9930852, -3.5775596, 7.0000000
 23.9030532, -3.3980496, 7.0000000
 23.8074968, -3.2222196, 7.0000000
 23.7063845, -3.0503309, 7.0000000
 23.5996850, -2.8826451, 6.9567568
 23.4873667, -2.7194237, 6.9157508
 23.3693980, -2.5609280, 6.8803233
 23.2457475, -2.4074195, 6.8509190
 23.1163837, -2.2591598, 6.8279243
 22.9812751, -2.1164103, 6.8116457
 22.8404237, -1.9794637, 6.8022834
 22.6945696, -1.8491401, 6.7992540
 22.5432347, -1.7247870, 6.7962231
 22.3866727, -1.6064157, 6.8000699
 22.2251373, -1.4940377, 6.8104539
 22.0588821, -1.3876643, 6.8269608
 21.8881609, -1.2873070, 6.8491230
 21.7132272, -1.1929771, 6.8764364
 21.5343347, -1.1046861, 6.9083759
 21.3517372, -1.0224453, 6.9444061
 21.1656882, -0.9462661, 6.9839912
 20.9764415, -0.8761600, 7.0000000
 20.7842507, -0.8121383, 7.0000000
 20.5893695, -0.7542124, 7.0000000
 20.3920516, -0.7023938, 7.0000000
 20.1925506, -0.6566938, 7.0000000
 20.0022015, -0.6191113, 7.0000000
 19.8127954, -0.5871882, 7.0000000
 19.6218185, -0.5601205, 7.0000000
 19.4293066, -0.5376453, 7.0000000
 19.2352959, -0.5194998, 7.0000000
 19.0398222, -0.5054214, 7.0000000
 18.8429214, -0.4951472, 7.0000000
 18.6446295, -0.4884145, 7.0000000
 18.4449825, -0.4849605, 7.0000000
 18.2440162, -0.4845225, 7.0000000
 18.0417667, -0.4868376, 7.0000000
 17.8382699, -0.4916432, 7.0000000
 17.6335616, -0.4986764, 7.0000000
 17.4276780, -0.5076745, 7.0000000
 17.2206548, -0.5183747, 7.0000000
 17.0125281, -0.5305143, 7.0000000
 16.8112378, -0.5433144, 7.0000000
 16.6177697, -0.5564778, 7.0000000
 16.4234672, -0.5705540, 7.0000000
 16.2283670, -0.5855652, 7.0000000
 16.0325059, -0.6015334, 7.0000000
 15.8359210, -0.6184807, 7.0000000
 15.6386490, -0.6364290, 7.0000000
 15.4407268, -0.6554006, 7.0000000
 15.2421912, -0.6754173, 7.0000000
 15.0430792, -0.6965013, 7.0000000
 14.8434276, -0.7186746, 7.0000000
 14.6432733, -0.7419593, 7.0000000
 14.4426531, -0.7663775, 7.0000000
 14.2416040, -0.7919511, 7.0000000
 14.0401627, -0.8187023, 7.0000000
 13.8383661, -0.8466531, 7.0000000
 13.6362511, -0.8758256, 7.0000000
 13.4338546, -0.9062417, 7.0000000
 13.2297014, -0.9381789, 7.0000000
 13.0249605, -0.9716471, 7.0000000
 12.8204905, -1.0067590, 7.0000000
 12.6165864, -1.0437143, 7.0000000
 12.4135433, -1.0827128, 7.0000000
 12.2116563, -1.1239542, 7.0000000
 12.0112204, -1.1676383, 7.0000000
 11.8125306, -1.2139647, 7.0000000
 11.6158820, -1.2631332, 7.0000000
 11.4215697, -1.3153436, 7.0000000
 11.2298887, -1.3707956, 7.0000000
 11.0411340, -1.4296890, 7.0000000
 10.8556007, -1.4922234, 7.0000000
 10.6735839, -1.5585986, 7.0000000
 10.4953785, -1.6290143, 7.0000000
 10.3212797, -1.7036704, 7.0000000
 10.1515825, -1.7827664, 7.0000000
 9.9824566, -1.8686895, 7.0000000
 9.7985186, -1.9711724, 7.0000000
 9.6209389, -2.0796598, 7.0000000
 9.4495421, -2.1938286, 7.0000000
 9.2841528, -2.3133554, 7.0000000
 9.1245959, -2.4379170, 7.0000000
 8.9706958, -2.5671900, 7.0000000
 8.8222774, -2.7008511, 7.0000000
 8.6791653, -2.8385771, 7.0000000
 8.5411840, -2.9800447, 7.0000000
 8.4081584, -3.1249305, 7.0000000
 8.2799131, -3.2729113, 7.0000000
 8.1562727, -3.4236638, 7.0000000
 8.0370618, -3.5768646, 7.0000000
 7.9221053, -3.7321905, 7.0000000
 7.8112277, -3.8893182, 7.0000000
 7.6994889, -4.0552838, 7.0000000
 7.5917432, -4.2235612, 7.0000000
 7.4885199, -4.3936931, 7.0000000
 7.3899419, -4.5658109, 7.0000000
 7.2961325, -4.7400459, 7.0000000
 7.2072147, -4.9165295, 7.0000000
 7.1233117, -5.0953929, 7.0000000
 7.0445467, -5.2767676, 7.0000000
 6.9710428, -5.4607849, 7.0000000
 6.9029231, -5.6475760, 7.0000000
 6.8403108, -5.8372725, 7.0000000
 6.7833290, -6.0300055, 7.0000000
 6.7321008, -6.2259065, 7.0000000
 6.6867494, -6.4251068, 7.0000000
 6.6490732, -6.6183277, 7.0000000
 6.6189500, -6.8004931, 7.0000000
 6.5932846, -6.9853127, 7.0000000
 6.5718603, -7.1727172, 7.0000000
 6.5544604, -7.3626374, 7.0000000
 6.5408683, -7.5550041, 7.0000000
 6.5308671, -7.7497482, 7.0000000
 6.5242403, -7.9468003, 7.0000000
 6.5207711, -8.1460913, 7.0000000
 6.5202428, -8.3475520, 7.0000000
 6.5224387, -8.5511132, 7.0000000
 6.5271422, -8.7567056, 7.0000000
 6.5341364, -8.9642601, 7.0000000
 6.5432048, -9.1737075, 7.0000000
 6.5541306, -9.3849785, 7.0000000
 6.5666972, -9.5980040, 7.0000000
 6.5806877, -9.8127147, 7.0000000
